[img config]
img_H = 416
img_W = 416
max_true_boxes = 50
grid_H = 13
grid_W = 13 
box = 5 
classes = 1
anchors = 0.57273, 0.677385, 1.87446, 2.06253, 3.33843, 5.47434, 7.88282, 3.52778, 9.77052, 9.16828
batch_size = 50

[train config] 
l_rate = 1e-4 
beta_2 = 0.5